[gd_scene load_steps=14 format=2]

[ext_resource path="res://Planets/MiniPlanets/Planets/Earth.tscn" type="PackedScene" id=1]
[ext_resource path="res://Planets/MiniPlanets/Planets/Sun.tscn" type="PackedScene" id=2]
[ext_resource path="res://Planets/MiniPlanets/Planets/Mercury.tscn" type="PackedScene" id=3]
[ext_resource path="res://Planets/MiniPlanets/Scripts/System.gd" type="Script" id=4]
[ext_resource path="res://Planets/Planet1/Planet.tscn" type="PackedScene" id=5]
[ext_resource path="res://Planets/MiniPlanets/Planets/Venus.tscn" type="PackedScene" id=6]
[ext_resource path="res://Meteors/Meteors.tscn" type="PackedScene" id=7]
[ext_resource path="res://Planets/MiniPlanets/Planets/IceMars.tscn" type="PackedScene" id=8]
[ext_resource path="res://Planets/MiniPlanets/Planets/Saturnus.tscn" type="PackedScene" id=9]
[ext_resource path="res://Planets/MiniPlanets/Planets/IcyNeptune.tscn" type="PackedScene" id=10]
[ext_resource path="res://Godot/WorldEnvironment.tscn" type="PackedScene" id=11]

[sub_resource type="Shader" id=1]
code = "shader_type spatial;
render_mode depth_draw_always, cull_disabled, ambient_light_disabled;

void vertex() {
// Output:0

}

void fragment() {
// Input:36
	mat4 n_out36p0 = INV_CAMERA_MATRIX;

// Input:14
	vec3 n_out14p0 = NORMAL;

// VectorFunc:15
	vec3 n_out15p0 = -(n_out14p0);

// TransformVectorMult:35
	vec3 n_out35p0 = (n_out36p0 * vec4(n_out15p0, 1.0)).xyz;

// VectorDecompose:18
	float n_out18p0 = n_out35p0.x;
	float n_out18p1 = n_out35p0.y;
	float n_out18p2 = n_out35p0.z;

// VectorCompose:19
	float n_in19p0 = 0.00000;
	vec3 n_out19p0 = vec3(n_in19p0, n_out18p1, n_out18p2);

// Input:5
	vec3 n_out5p0 = NORMAL;

// Input:2
	vec3 n_out2p0 = VIEW;

// DotProduct:4
	float n_out4p0 = dot(n_out5p0, n_out2p0);

// ScalarOp:6
	float n_in6p0 = 1.00000;
	float n_out6p0 = n_in6p0 - n_out4p0;

// Scalar:23
	float n_out23p0 = 1.600000;

// ScalarOp:22
	float n_out22p0 = pow(n_out6p0, n_out23p0);

// ScalarOp:24
	float n_in24p0 = 1.00000;
	float n_out24p0 = n_in24p0 - n_out22p0;

// Scalar:26
	float n_out26p0 = 6.000000;

// ScalarOp:25
	float n_out25p0 = pow(n_out24p0, n_out26p0);

// VectorOp:21
	vec3 n_out21p0 = n_out19p0 * vec3(n_out25p0);

// Input:9
	vec3 n_out9p0 = vec3(SCREEN_UV, 0.0);

// VectorOp:20
	vec3 n_out20p0 = n_out21p0 + n_out9p0;

// Texture:13
	vec3 n_out13p0;
	float n_out13p1;
	{
		vec4 _tex_read = textureLod(SCREEN_TEXTURE, n_out20p0.xy, 0.0);
		n_out13p0 = _tex_read.rgb;
		n_out13p1 = _tex_read.a;
	}

// Scalar:28
	float n_out28p0 = 2.500000;

// ScalarOp:29
	float n_out29p0 = n_out6p0 * n_out28p0;

// ScalarFunc:30
	float n_out30p0 = round(n_out29p0);

// ScalarFunc:37
	float n_out37p0 = min(max(n_out30p0, 0.0), 1.0);

// VectorOp:34
	vec3 n_out34p0 = n_out13p0 * vec3(n_out37p0);

// Output:0
	EMISSION = n_out34p0;

}

void light() {
// Output:0

}
"

[sub_resource type="ShaderMaterial" id=2]
shader = SubResource( 1 )

[node name="System" type="Spatial"]
transform = Transform( -0.988491, 0, 0.151278, 0, 1, 0, -0.151278, 0, -0.988491, 0, 0, 0 )
script = ExtResource( 4 )

[node name="Sun" parent="." instance=ExtResource( 2 )]
transform = Transform( 14.8311, 0, 2.2451, 0, 15, 0, -2.2451, 0, 14.8311, 23.0531, -0.473633, 149.869 )

[node name="Orbits" type="Spatial" parent="Sun"]
transform = Transform( 0.098084, 0.0194816, 0, -0.0194816, 0.098084, 0, 0, 0, 0.1, 0, 0, 0 )

[node name="Orbit_0" type="Spatial" parent="Sun/Orbits"]

[node name="Mercury" parent="Sun/Orbits/Orbit_0" instance=ExtResource( 3 )]
transform = Transform( 3, -1.50132e-07, -1.86265e-09, -3.93948e-08, 2.99857, 0.0927669, 4.65661e-10, -0.092767, 2.99857, 2.98023e-08, 0, 16.6964 )

[node name="Orbit_1" type="Spatial" parent="Sun/Orbits"]
transform = Transform( 1, -3.25689e-08, 1.16415e-10, -2.76668e-09, 1, 0, 0, 0, 1, 0, 0, 0 )

[node name="Venus" parent="Sun/Orbits/Orbit_1" instance=ExtResource( 6 )]
transform = Transform( 3, -3.36126e-07, 2.32831e-09, 2.00316e-07, 3, -2.32831e-10, 0, 1.74623e-10, 3, 0, 5.96046e-08, 24.9005 )

[node name="Orbit_2" type="Spatial" parent="Sun/Orbits"]

[node name="Earth" parent="Sun/Orbits/Orbit_2" instance=ExtResource( 1 )]
transform = Transform( 4, -4.87904e-07, 2.79397e-09, -1.10667e-08, 4, 1.16415e-10, 0, 4.65661e-10, 4, 0.00152093, 0.000302136, 36.4534 )

[node name="Orbit_3" type="Spatial" parent="Sun/Orbits"]

[node name="IceMars" parent="Sun/Orbits/Orbit_3" instance=ExtResource( 8 )]
transform = Transform( 3, -3.36126e-07, 1.86265e-09, 1.40711e-07, 3, -1.74623e-10, 0, 1.16415e-10, 3, 0.00440317, 0.000874572, 46.0385 )

[node name="Orbit_4" type="Spatial" parent="Sun/Orbits"]

[node name="Saturnus" parent="Sun/Orbits/Orbit_4" instance=ExtResource( 9 )]
transform = Transform( 1.9971, -0.000577113, -0.107726, -0.000576666, 1.99989, -0.0213968, 0.107726, 0.0213968, 1.99698, 0.00594056, 0.00117993, 55.7417 )

[node name="Orbit_5" type="Spatial" parent="Sun/Orbits"]

[node name="IcyNeptune" parent="Sun/Orbits/Orbit_5" instance=ExtResource( 10 )]
transform = Transform( 1.5, -1.68063e-07, 9.31323e-10, 1.00158e-07, 1.5, -8.73115e-11, 0, 1.16415e-10, 1.5, 0.0420846, 0.00837065, 63.9983 )

[node name="Orbit_6" type="Spatial" parent="Sun/Orbits"]
transform = Transform( 1, -6.23713e-08, 3.49246e-10, -2.76668e-09, 1, 2.91038e-11, 0, 2.91038e-11, 1, 0.000941396, 0.000186987, 0.591034 )

[node name="Planet" parent="Sun/Orbits/Orbit_6" instance=ExtResource( 5 )]
transform = Transform( 0.39369, -1.07076e-07, 0.922246, 1.33878e-08, 0.999999, 1.90485e-08, -0.922246, 2.91038e-11, 0.39369, -17.141, -3.21301, 27.2351 )

[node name="Meteors" parent="Sun/Orbits" instance=ExtResource( 7 )]
transform = Transform( 0.970759, -0.240058, 0.000122522, 0.24006, 0.970761, -0.000373104, -2.93691e-05, 0.000391604, 1, -3.77736, -5.6491, -130.921 )

[node name="Meteors4" parent="Sun/Orbits" instance=ExtResource( 7 )]
transform = Transform( 0.970906, -0.23783, 0.027912, 0.239374, 0.960731, -0.140371, 0.00656867, 0.142967, 0.989706, -30.1692, -2.29467, -100.327 )

[node name="Meteors5" parent="Sun/Orbits" instance=ExtResource( 7 )]
transform = Transform( 0.970759, -0.240058, 0.000122525, 0.24006, 0.970762, -0.000373105, -2.93704e-05, 0.000391604, 1, -16.5814, -11.0274, -54.891 )

[node name="Meteors2" parent="Sun/Orbits" instance=ExtResource( 7 )]
transform = Transform( 0.970759, -0.240058, 0.000122523, 0.24006, 0.970761, -0.000373104, -2.937e-05, 0.000391604, 1, 34.818, 4.28401, -122.793 )

[node name="Meteors6" parent="Sun/Orbits" instance=ExtResource( 7 )]
transform = Transform( 0.970759, -0.240058, 0.000122524, 0.24006, 0.970762, -0.000373104, -2.93697e-05, 0.000391603, 1, 33.4312, 2.05629, -55.5943 )

[node name="Meteors7" parent="Sun/Orbits" instance=ExtResource( 7 )]
transform = Transform( 0.970759, -0.240058, 0.000122524, 0.24006, 0.970762, -0.000373104, -2.93693e-05, 0.000391603, 1, 12.4446, -2.72319, -85.3594 )

[node name="Meteors3" parent="Sun/Orbits" instance=ExtResource( 7 )]
transform = Transform( 0.970759, -0.240058, 0.000122523, 0.24006, 0.970761, -0.000373104, -2.93697e-05, 0.000391603, 1, -3.5211, -0.73608, 99.8687 )

[node name="Meteors8" parent="Sun/Orbits" instance=ExtResource( 7 )]
transform = Transform( 0.970759, -0.240058, 0.000122524, 0.24006, 0.970761, -0.000373104, -2.937e-05, 0.000391603, 1, -7.06963, 16.9694, 80.6208 )

[node name="Meteors9" parent="Sun/Orbits" instance=ExtResource( 7 )]
transform = Transform( 0.970759, -0.240058, 0.000122524, 0.24006, 0.970761, -0.000373104, -2.93697e-05, 0.000391603, 1, -0.168555, -17.7756, 80.6208 )

[node name="Black_Hole_Entry" type="CSGSphere" parent="."]
transform = Transform( 50, 0, -1.90735e-06, 0, 50, 0, 1.90735e-06, 0, 50, -12.5878, 0, -82.2523 )
calculate_tangents = false
radial_segments = 40
rings = 30
material = SubResource( 2 )

[node name="Black_Hole_Exit" type="CSGSphere" parent="."]
transform = Transform( 50, 0, -2.38419e-06, 0, 50, 0, 2.38419e-06, 0, 50, 55.0699, 0, 359.842 )
calculate_tangents = false
radius = 0.5
radial_segments = 30
rings = 20
material = SubResource( 2 )

[node name="WorldEnvironment" parent="." instance=ExtResource( 11 )]
