[gd_scene load_steps=8 format=2]

[ext_resource path="res://SkyBox/hdr.png" type="Texture" id=1]
[ext_resource path="res://Camera/Camera.gd" type="Script" id=2]
[ext_resource path="res://Ships/Luminaris/Luminaris0.tscn" type="PackedScene" id=3]
[ext_resource path="res://Ships/Fighter/Fighter.tscn" type="PackedScene" id=6]
[ext_resource path="res://Planets/MiniPlanets/Planets/System.tscn" type="PackedScene" id=7]

[sub_resource type="PanoramaSky" id=1]
panorama = ExtResource( 1 )

[sub_resource type="Environment" id=2]
background_mode = 2
background_sky = SubResource( 1 )
background_energy = 2.04
ambient_light_energy = 1.89
tonemap_mode = 2
tonemap_exposure = 2.09
tonemap_white = 5.0

[node name="Spatial" type="Spatial"]

[node name="WorldEnvironment" type="WorldEnvironment" parent="."]
environment = SubResource( 2 )

[node name="CameraNode" type="Spatial" parent="."]
transform = Transform( 1, 0, 0, 0, 0.895875, 0.444307, 0, -0.444307, 0.895875, 0, 0.335012, -1.25469 )
script = ExtResource( 2 )
sensitivity_x = 500
sensitivity_y = 500
target = NodePath("../Luminaris0")

[node name="Camera" type="Camera" parent="CameraNode"]
transform = Transform( 1, 0, 0, 0, 0.970321, -0.24182, 0, 0.24182, 0.970321, 0, -0.264797, 1.00918 )
fov = 68.7445

[node name="Fighter" parent="." instance=ExtResource( 6 )]
transform = Transform( -0.005, 0, -4.37114e-10, 0, 0.005, 0, 4.37114e-10, 0, -0.005, -0.000280276, 0.307048, 0.187362 )

[node name="Luminaris0" parent="." instance=ExtResource( 3 )]
transform = Transform( 1, 0, 0, 0, 1, 0, 0, 0, 1, 0, 0, 26.784 )

[node name="System" parent="." instance=ExtResource( 7 )]
transform = Transform( -0.988491, 0, 0.151278, 0, 1, 0, -0.151278, 0, -0.988491, -2.13406, 0, 83.0186 )
